308.145269 94.042983 141.663865 386.778723 16.941761 0.125000 107.698477 
151.544819 395.541080 183.952058 399.969850 5.956233 0.250000 4.128828 
239.623182 445.968865 273.524410 440.690080 7.876532 0.250000 0.440865 
282.178034 463.053956 271.721981 500.230394 7.065498 0.250000 3.140836 
316.581221 483.043998 288.501575 462.870979 8.466049 0.250000 0.757369 
317.772325 270.945803 306.018165 307.031584 9.589653 0.250000 0.076634 
316.022756 399.741734 308.726156 437.760573 7.501754 0.062500 1.596471 
316.499502 360.309963 305.784826 330.567423 6.164946 0.250000 11.764065 
309.029655 442.934492 340.476541 445.192533 6.491217 0.031250 1.217272 
788.144984 826.735620 311.959185 835.303726 8.745141 0.250000 192.191401 
341.868828 14.184730 784.382938 16.762100 4.992635 0.250000 435.934514 
351.676253 208.598314 343.585565 249.732130 5.233623 0.250000 3.016201 
351.602167 598.066139 350.805918 635.575771 8.028887 0.250000 5.566586 
389.999296 227.162521 358.563328 206.772101 8.219467 0.250000 2.600841 
368.499409 462.777848 345.929837 475.150942 5.927519 0.250000 2.631700 
370.736057 593.741486 354.342519 596.694697 3.650990 0.250000 0.432218 
392.786536 398.198106 381.624756 436.973501 7.486084 0.125000 1.179587 
391.282366 752.492221 384.548203 785.404678 6.866162 0.250000 7.011178 
387.781891 631.797052 386.650755 600.497582 8.518569 0.250000 0.906596 
389.659410 664.432653 391.908258 702.096918 5.880691 0.250000 2.841668 
382.723854 442.243831 414.162610 445.305752 6.847067 0.250000 0.790321 
380.574369 94.664258 711.850997 96.817611 11.557232 0.250000 30.909902 
427.720552 418.194042 399.247292 397.807527 8.443661 0.250000 3.972785 
715.724169 53.025150 394.388454 49.424355 14.788964 0.007812 476.665286 
396.010072 702.059221 427.663207 693.560723 6.119544 0.125000 0.430908 
429.573720 298.591234 404.500929 268.441270 6.861666 0.125000 0.815004 
416.209844 445.246028 427.709704 421.021246 8.075868 0.250000 1.049499 
417.645592 573.884140 428.193272 545.809531 5.499044 0.250000 1.015049 
460.751629 535.649400 461.539213 571.909444 7.145358 0.250000 3.999217 
503.866174 334.607676 491.835633 370.189048 9.439198 0.125000 0.431673 
719.311947 749.077600 394.342085 752.207159 11.995792 0.250000 21.943892 
390.700987 797.882146 720.789780 790.730305 11.882664 0.250000 29.977027 
492.211948 376.183777 523.639998 382.843544 4.709979 0.250000 0.227036 
537.433484 143.447218 526.937431 179.553014 6.589081 0.250000 2.822797 
541.687543 654.800975 531.612018 687.661092 5.894359 0.250000 5.460241 
575.743451 160.844095 543.573746 141.543567 8.788941 0.125000 1.906825 
535.428575 697.889285 564.286714 700.392710 6.931783 0.250000 2.495909 
537.473806 446.587989 573.930620 440.284029 5.595063 0.250000 0.978665 
570.251608 208.535530 564.193127 247.315450 4.440159 0.250000 0.178221 
571.514685 596.828834 570.909587 634.319068 7.882302 0.250000 3.496419 
574.704284 562.922348 570.836087 532.777117 4.758371 0.250000 3.708049 
567.729606 377.447480 599.173867 380.323807 5.302685 0.250000 4.889690 
608.323867 401.698951 605.179107 442.803991 6.313091 0.250000 1.946217 
609.858474 527.556791 605.116853 565.246555 8.985621 0.250000 0.039320 
602.693716 382.458870 612.423872 351.585905 4.291731 0.250000 2.307065 
648.118299 592.954168 645.393335 632.938836 7.134583 0.250000 3.022270 
643.114470 699.155944 652.059644 666.709752 3.559281 0.250000 1.147844 
649.538687 635.484051 682.248603 630.656316 4.618660 0.062500 2.475806 
685.665556 527.782083 677.141426 557.846125 8.040459 0.250000 0.039683 
688.371823 611.709561 667.073823 589.186987 8.637861 0.250000 0.317425 
677.658063 440.455397 711.694181 443.745545 6.106969 0.250000 5.548754 
692.394885 574.303955 723.143324 559.511390 7.183310 0.250000 2.708202 
718.676892 462.424573 713.891504 501.354607 5.710381 0.250000 2.949880 
715.117443 442.370626 722.289389 413.539022 5.393792 0.250000 4.448843 
738.040045 587.419960 716.291502 602.270469 6.333342 0.125000 1.159708 
760.520073 269.606972 747.256055 303.546898 6.751002 0.250000 2.452767 
751.348545 406.971854 753.190583 440.757727 7.465634 0.250000 5.248001 
759.034395 237.009362 734.701291 205.651816 9.437310 0.062500 0.591197 
754.432922 568.924526 788.172525 568.332238 7.806004 0.007812 0.427057 
763.692134 319.710760 796.394749 305.166332 5.042025 0.250000 0.095210 
790.593586 565.788206 794.584761 535.987920 4.386041 0.250000 3.493038 
805.411400 332.888081 785.244634 352.738574 8.950327 0.250000 0.755670 
822.091004 413.424017 830.868795 443.777463 5.598655 0.250000 3.268772 
1110.736603 843.432533 1251.888860 833.318437 7.317870 0.250000 55.118827 
1254.308557 842.521868 1111.946750 847.626144 7.858392 0.250000 74.952961 
335.683712 529.973163 315.509992 531.953281 6.197137 0.250000 4.855302 
394.423302 143.306708 379.670329 177.164346 8.635825 0.250000 4.811725 
502.070631 461.595879 492.639646 498.936710 4.964337 0.125000 1.933792 
341.970397 748.588255 347.491803 717.654435 5.900361 0.250000 1.692350 
617.979769 574.467562 650.443981 560.633577 7.379130 0.250000 0.292073 
680.659356 627.364640 685.771793 613.954419 5.007691 0.250000 4.907138 
799.968372 511.019646 832.670850 496.474900 4.533909 0.250000 0.184487 
337.829108 320.108494 354.274226 291.470539 4.895496 0.125000 4.558972 
395.011111 269.257081 379.752357 303.991651 7.227996 0.125000 3.286343 
615.584329 319.705544 649.544080 305.196485 8.514417 0.250000 1.325801 
905.122867 453.415616 753.199579 730.874757 15.163279 0.062500 208.749886 
833.710439 488.047656 810.730206 460.537119 9.932247 0.125000 1.562643 
722.611305 555.422457 716.010135 531.425207 7.321108 0.250000 1.897572 
72.064868 428.566327 300.078533 34.254645 9.616307 0.250000 164.439060 
372.483644 384.657276 387.705957 341.356558 7.294946 0.250000 3.617565 
427.832298 593.915111 422.055827 628.993090 5.926863 0.125000 1.851761 
686.861782 396.966780 676.048348 432.101144 7.075091 0.125000 7.890171 
610.798296 444.459833 646.175712 439.866927 8.790254 0.250000 2.289298 
879.212840 249.943729 780.539034 92.383406 19.176204 0.062500 92.910474 
575.885334 637.095845 610.111815 631.037882 7.005093 0.250000 0.751740 
608.610958 627.169174 612.251022 605.688720 5.576910 0.250000 8.988820 
786.474972 476.373086 794.501155 507.487353 8.395584 0.250000 0.807485 
951.258722 381.218229 878.327230 251.061265 11.609612 0.250000 14.213689 
384.695050 545.571190 389.636426 574.961531 5.896762 0.250000 6.340226 
330.816100 400.482201 318.049185 402.685743 5.183588 0.250000 2.949609 
693.010314 143.140847 674.062661 164.092536 7.594236 0.250000 2.239490 
249.252937 359.621362 278.626309 386.554758 10.137466 0.125000 2.234009 
692.570598 699.704992 724.739610 685.542450 8.085104 0.250000 2.089729 
852.420452 444.370537 869.229009 420.140871 8.447715 0.250000 0.991021 
634.974405 662.931581 619.081498 656.331778 5.772095 0.250000 4.092690 
345.488130 323.952911 323.771592 358.199719 9.526910 0.250000 0.801412 
573.867256 434.308858 571.406524 406.693973 7.026613 0.250000 5.623834 
620.627546 142.859906 599.989061 159.852621 6.071374 0.125000 2.171518 
631.774893 191.030109 649.502610 165.325082 6.384490 0.250000 6.472113 
428.714610 673.410817 400.000653 655.851876 8.646361 0.250000 5.681439 
244.764496 399.516474 235.057879 439.887557 7.952778 0.125000 8.990054 
488.904419 703.100442 504.861860 676.673783 6.484909 0.250000 4.313714 
539.049358 352.986720 509.037773 333.004119 7.986476 0.125000 12.844801 
540.029541 607.095710 512.523951 589.604500 7.864883 0.250000 7.785816 
616.589691 655.034849 605.770702 683.181006 8.258491 0.250000 2.568445 
649.916732 540.934138 622.236848 524.996554 7.549853 0.250000 7.295800 
721.731969 413.344745 694.986191 395.936001 7.184687 0.250000 12.759716 
540.318578 481.694827 509.056184 461.068998 10.680721 0.125000 5.768236 
145.378684 472.997110 290.488083 717.464303 10.507263 0.250000 75.513457 
1015.538554 419.326733 788.846723 825.330037 6.354129 0.250000 457.199246 
792.163800 746.654105 950.650407 465.800093 10.574898 0.250000 79.392182 
477.967797 526.598793 462.469527 535.419592 4.954350 0.250000 1.607623 
425.463917 163.369642 397.668648 145.068079 5.958987 0.250000 26.526228 
703.170397 654.518596 685.464182 660.116313 3.336362 0.250000 2.661294 
436.330611 206.325580 419.375462 223.125467 7.127910 0.250000 4.727201 
431.801504 637.658816 459.788302 633.246564 6.629839 0.250000 7.039054 
445.924140 255.498925 464.867265 229.389040 9.482691 0.250000 0.718590 
611.988434 226.274751 583.207700 205.066458 9.162186 0.250000 2.488195 
689.836192 268.864394 673.177024 299.983685 6.559602 0.250000 7.328304 
674.028218 304.711613 700.908041 319.842760 6.743361 0.250000 1.745324 
753.091232 536.876073 753.966310 564.427682 6.048441 0.250000 17.814356 
790.616520 536.890548 768.020730 524.566172 6.384562 0.250000 11.603933 
841.631408 396.602514 823.756797 412.581738 6.523373 0.250000 1.582170 
918.611584 399.217341 946.204547 386.926035 8.511837 0.250000 4.433240 
338.939436 576.852243 354.712719 550.318850 6.328557 0.250000 4.452543 
352.759673 548.449901 336.892984 530.609006 6.224455 0.250000 12.231257 
355.738275 637.831052 385.761122 634.273883 7.365558 0.250000 7.474802 
370.354867 255.200780 390.979742 230.727391 8.548543 0.250000 1.954197 
494.763472 282.248637 469.701215 271.139084 7.480755 0.250000 5.876982 
507.123859 203.961165 487.945801 235.231870 4.959857 0.125000 9.750400 
565.691831 478.499926 575.831432 510.497895 7.586852 0.125000 4.278245 
613.433791 476.108380 581.663780 460.948121 7.285601 0.250000 6.411893 
674.494737 466.224233 653.273188 462.319603 7.022182 0.250000 5.523830 
681.124482 667.037386 687.974813 698.698407 8.616517 0.250000 1.053869 
729.498989 205.042184 708.876678 231.776373 8.823088 0.250000 0.908040 
313.999551 829.597652 77.484282 430.772390 5.612093 0.250000 597.498352 
311.658595 570.642291 335.772698 574.760063 6.761766 0.250000 6.116876 
381.893913 330.517425 349.302494 324.787401 6.290724 0.250000 16.419815 
672.932094 166.497710 687.466934 190.529053 6.332537 0.250000 3.688030 
783.837462 18.963593 1014.654180 418.685593 5.432074 0.250000 634.103080 
183.008754 400.750140 344.008261 121.663436 7.332579 0.250000 232.480587 
467.232802 657.931973 460.438815 689.334719 7.101391 0.250000 9.073769 
507.458321 589.288401 493.805547 621.634644 7.291889 0.250000 5.741439 
524.306127 215.724487 512.605989 207.624713 4.743534 0.250000 4.702206 
567.264691 534.848505 550.275137 526.322133 5.594319 0.250000 8.881685 
713.713561 531.641590 688.535155 526.220147 5.504850 0.250000 0.324538 
324.539696 361.843179 352.287848 386.564646 8.807080 0.250000 4.146749 
256.817525 338.991267 251.493951 357.130030 5.788393 0.250000 9.411048 
345.613256 112.178830 315.362873 95.122909 9.521688 0.125000 1.906825 
463.250530 226.709009 437.724249 207.404923 6.225051 0.250000 18.354428 
464.482964 606.688234 437.371564 591.015995 7.506992 0.250000 9.739771 
484.421549 657.951972 469.341665 658.603757 5.373177 0.250000 2.709659 
525.962846 381.452254 539.142447 356.155081 8.244472 0.250000 4.045279 
525.592416 510.082506 540.240222 484.877828 7.842482 0.250000 1.878718 
703.048787 318.032392 721.455547 302.884209 6.977936 0.250000 2.087881 
773.917066 397.038346 753.187794 405.774007 6.969056 0.250000 1.923584 
757.874041 133.271194 913.356380 400.174741 8.755583 0.250000 137.776196 
455.835501 161.849934 458.840740 187.087466 6.065830 0.250000 7.337982 
524.427333 639.028093 541.231294 614.795430 8.449937 0.250000 2.937685 
579.497938 463.220516 568.131011 477.850848 5.816159 0.250000 6.580755 
715.909912 615.501738 724.122409 634.484280 6.199892 0.250000 3.463669 
726.287495 254.886194 756.687921 243.450698 6.663927 0.250000 6.971261 
461.922564 316.641876 489.479210 315.352921 7.082977 0.250000 11.801376 
426.044673 689.522361 427.277821 675.550230 5.530114 0.250000 4.166182 
611.522784 604.923546 589.055729 589.850901 7.240060 0.250000 7.980388 
598.939559 176.075283 627.210435 192.225901 8.044262 0.250000 4.282477 
648.450787 162.612184 622.152796 145.905330 6.529168 0.250000 13.182797 
684.642236 225.270758 659.094006 205.997479 5.549722 0.250000 21.327498 
745.194665 509.266492 760.614414 481.308580 9.512595 0.250000 0.718590 
947.924542 463.299072 934.506078 447.846641 5.340231 0.250000 14.614084 
391.929097 573.102562 414.440465 572.110509 5.748645 0.250000 14.759811 
495.212132 623.438514 506.551153 638.370915 6.691755 0.250000 1.243875 
535.962882 529.051404 532.276122 567.925948 6.884103 0.250000 5.523602 
567.896246 350.586086 568.759601 373.243710 6.102680 0.250000 13.444948 
557.373914 191.850510 575.885191 165.433231 9.018884 0.250000 0.210166 
648.742558 285.554528 614.747507 269.655730 7.685548 0.125000 8.681098 
611.880839 697.160474 638.119861 696.623750 5.254590 0.250000 17.462863 
645.063247 435.973218 647.670831 412.098444 6.641361 0.250000 9.217449 
648.104701 556.878607 648.065634 543.121619 5.024828 0.250000 4.055696 
641.173190 503.118586 672.494105 508.990314 6.857720 0.250000 1.538226 
722.290480 781.862158 721.516090 756.808820 7.921225 0.250000 4.816184 
764.562333 446.076980 793.961000 433.892019 8.675772 0.250000 1.724558 
303.604745 510.273383 316.240436 485.944641 8.212339 0.250000 2.785737 
314.613002 534.130124 310.943744 568.024185 8.231717 0.250000 8.891698 
306.101964 309.963433 329.241213 319.693172 5.307429 0.250000 6.301012 
347.253516 478.086327 346.865030 499.397605 6.203397 0.250000 8.749950 
379.998995 306.569872 400.228939 319.972802 7.997661 0.250000 0.926571 
390.321923 190.836773 425.408559 178.584878 8.221726 0.250000 1.282322 
465.986971 271.122624 453.903870 305.459208 8.886676 0.250000 4.594474 
489.578467 239.394402 510.074889 256.292263 4.929562 0.250000 2.199279 
530.883169 413.100811 533.713058 443.304139 6.884257 0.250000 10.748855 
527.155072 180.077976 548.177785 190.518716 6.176241 0.250000 6.790694 
535.573891 571.226757 564.370955 572.021559 6.799413 0.250000 14.024279 
550.105547 527.627294 540.575870 530.459701 4.662970 0.250000 0.449564 
580.523608 508.870076 596.935484 507.921871 4.919577 0.250000 15.653925 
600.229769 287.454238 610.867759 317.669709 6.848756 0.250000 2.456507 
648.912053 462.403624 640.308010 497.743492 9.188280 0.250000 1.155780 
665.850926 590.626653 651.879254 593.148566 5.484489 0.250000 4.367049 
653.043302 254.971955 684.115360 243.250264 6.651600 0.125000 2.896907 
679.027371 558.669393 690.442495 573.267710 6.552327 0.250000 2.500530 
718.568040 604.354772 718.286217 615.597708 4.967106 0.250000 2.837340 
723.891029 680.254190 714.639400 661.141928 6.482381 0.250000 1.861129 
760.032474 478.412853 732.551969 459.634324 7.447931 0.250000 7.489615 
766.881076 525.631800 754.266904 536.902967 5.929328 0.250000 5.634602 
762.773380 738.102609 786.707978 744.958123 5.905755 0.250000 2.871061 
786.754812 354.285530 787.860257 368.244952 5.835781 0.250000 7.958167 
834.355964 442.204096 849.427040 441.892567 5.205595 0.250000 7.958167 
494.929465 502.862928 519.421635 510.474949 8.146188 0.250000 2.701960 
345.572789 722.646648 182.532285 447.504096 8.443885 0.250000 162.396201 
260.802042 405.244406 250.190822 400.308373 5.666888 0.250000 2.661294 
338.908308 446.212064 349.403020 432.209166 5.502473 0.250000 5.845338 
354.097127 383.785349 369.500921 381.458658 5.877373 0.250000 4.172705 
382.136866 602.782918 371.005045 594.261445 5.318695 0.250000 6.035421 
386.592439 503.110966 386.138698 471.831284 8.622034 0.250000 3.768027 
402.033131 319.623007 425.396180 304.726585 8.325574 0.250000 3.551772 
462.310293 189.290707 496.089699 183.203900 6.129333 0.250000 3.892522 
508.100292 636.845338 521.893421 636.579012 5.119724 0.250000 4.055696 
567.292616 661.729226 545.729006 655.277385 7.298328 0.250000 1.667241 
588.758744 590.960156 574.749265 596.561133 5.802215 0.250000 4.534161 
601.477433 161.874850 601.473671 171.875789 3.753291 0.250000 0.000365 
646.815064 300.671180 647.303149 288.093109 5.335523 0.250000 4.055696 
690.824715 191.130721 720.393377 179.453755 5.746456 0.250000 8.123937 
721.964969 173.415572 696.531564 143.601636 10.088001 0.062500 0.405988 
725.918726 635.393815 759.251913 625.783798 7.154437 0.250000 5.421426 
757.195550 623.137568 757.375668 600.629006 6.339822 0.250000 2.811452 
371.221363 509.551808 384.260776 504.101718 5.388136 0.250000 5.166020 
422.825585 174.477016 423.929254 164.193014 4.971453 0.250000 5.418905 
570.707736 251.778080 604.460763 250.615991 6.395957 0.250000 7.724004 
603.633557 247.065173 610.294904 229.251562 5.701565 0.250000 8.881685 
710.906114 234.179529 724.175968 253.263395 6.422558 0.250000 4.211021 
717.909889 504.742483 741.900530 507.933029 6.775389 0.250000 4.889690 
281.440510 383.078288 303.181469 375.793529 5.926174 0.250000 11.396550 
381.462228 473.681996 370.014673 465.198578 4.985565 0.250000 9.305966 
681.897242 239.474136 682.888021 226.759132 4.984889 0.250000 8.713594 
808.493614 459.390294 786.495558 475.093452 7.559931 0.250000 5.372953 
349.367327 250.670794 368.216502 253.828861 6.170572 0.250000 5.898413 
464.586346 573.412847 497.158310 568.936493 8.545383 0.250000 3.138358 
350.264752 288.639450 326.106496 271.722459 5.635488 0.250000 24.981466 
428.037492 251.926539 443.220984 252.947385 4.904884 0.250000 10.986360 
512.441740 255.313461 536.482603 240.795099 8.178090 0.250000 5.590601 
621.427507 527.308709 613.907041 530.893193 4.513531 0.062500 6.407271 
658.138747 205.641863 640.891420 219.701817 7.287369 0.250000 2.856441 
868.010452 418.275446 841.942787 398.427696 5.967208 0.250000 24.234796 
607.144864 683.683956 612.454386 695.361568 5.275286 0.250000 2.949609 
607.408511 564.879905 617.569303 572.155344 4.642521 0.250000 3.416132 
645.741935 667.108150 633.024602 657.392632 4.676604 0.250000 3.088018 
793.773111 290.247838 764.678508 270.184863 5.606166 0.250000 20.965935 
300.548068 374.354793 314.675201 360.879273 5.260104 0.250000 19.149014 
568.224647 409.233193 553.727652 399.046237 4.726666 0.250000 10.446490 
719.016153 82.985623 715.903135 63.081500 6.830462 0.250000 4.487574 
387.412125 785.631700 391.972849 792.187303 4.818299 0.250000 0.000365 
425.042165 629.971407 431.852159 636.922804 5.321184 0.125000 2.390188 
610.439521 352.092971 592.993959 337.247974 4.860455 0.250000 18.153137 
612.966579 273.983710 603.069527 286.564695 4.768119 0.250000 11.677484 
756.953422 439.238753 763.809823 443.185222 4.824767 0.125000 6.020965 
751.109152 305.147046 762.286214 316.469050 4.470571 0.250000 9.305966 
503.262915 674.214467 484.544137 658.133132 7.063849 0.250000 7.571437 
382.629333 341.664578 379.950972 332.063021 5.591598 0.250000 1.289006 
564.612719 698.393457 575.705619 686.953171 5.248171 0.250000 5.069741 
824.181224 349.627773 806.703486 336.229304 5.157833 0.250000 14.887169 
754.828820 601.861650 738.789139 591.534976 6.003760 0.250000 8.041392 
381.683024 177.338211 389.142072 187.368664 4.526500 0.250000 2.259188 
456.554884 306.223594 461.725225 313.604265 4.505739 0.250000 0.000365 
672.461740 507.536232 681.833595 496.978635 4.884076 0.250000 9.305966 
711.581501 90.675285 718.780724 81.413087 4.602679 0.250000 0.158667 
709.344344 664.403840 702.043096 656.642810 4.837642 0.125000 3.020721 
426.964065 545.524439 407.770605 528.525138 6.256340 0.250000 13.111350 
486.574957 153.514586 478.241625 147.096617 5.259153 0.250000 1.104954 
564.329292 570.749077 572.669304 561.151426 5.166677 0.250000 8.713594 
792.427346 299.390812 792.679675 290.576468 3.963080 0.250000 1.806545 
